0 0.809375 0.5125 0.1625 0.3015625
0 0.66015625 0.4515625 0.0625 0.221875
0 0.56015625 0.5171875 0.1453125 0.3515625
0 0.47578125 0.46640625 0.10625 0.30625
0 0.40859375 0.48046875 0.10625 0.2859375
0 0.19140625 0.53046875 0.134375 0.34375
0 0.21328125 0.71484375 0.3875 0.5375
0 0.1375 0.19375 0.20625 0.2515625
0 0.4109375 0.190625 0.0515625 0.1609375
0 0.334375 0.1921875 0.1015625 0.16875
0 0.84765625 0.33046875 0.1 0.45
0 0.77734375 0.30546875 0.0953125 0.3484375
0 0.721875 0.26953125 0.05 0.221875
0 0.65703125 0.36171875 0.078125 0.346875
0 0.5921875 0.440625 0.1375 0.4640625
0 0.47109375 0.340625 0.0984375 0.3046875
0 0.31796875 0.55546875 0.140625 0.7875
0 0.19375 0.43203125 0.178125 0.49375