0 0.70234375 0.8125 0.184375 0.203125
0 0.6265625 0.6375 0.096875 0.1203125
0 0.53515625 0.715625 0.11875 0.1421875
0 0.43203125 0.62109375 0.0734375 0.096875
0 0.38828125 0.6890625 0.09375 0.1296875
0 0.30078125 0.60625 0.053125 0.0890625
0 0.26171875 0.54453125 0.0375 0.05625
0 0.35 0.5640625 0.046875 0.0828125
0 0.22421875 0.52734375 0.0453125 0.071875
0 0.15078125 0.49921875 0.0234375 0.05
0 0.196875 0.4921875 0.03125 0.0453125
0 0.946875 0.82265625 0.1 0.1546875
0 0.028125 0.49765625 0.05625 0.1078125
0 0.11015625 0.3734375 0.0453125 0.03125
0 0.16015625 0.35234375 0.0234375 0.0234375
0 0.9640625 0.9484375 0.071875 0.103125
0 0.75546875 0.73359375 0.0875 0.1359375
0 0.12890625 0.4890625 0.021875 0.0515625
0 0.12890625 0.38671875 0.0390625 0.034375
0 0.17421875 0.35859375 0.021875 0.021875
0 0.72734375 0.628125 0.0984375 0.1109375
0 0.70078125 0.7453125 0.1265625 0.2390625
0 0.62578125 0.60078125 0.078125 0.15625
0 0.5359375 0.65234375 0.08125 0.171875
0 0.38359375 0.6390625 0.0703125 0.1515625
0 0.41875 0.5859375 0.04375 0.1390625
0 0.34921875 0.5421875 0.046875 0.1140625
0 0.30390625 0.56796875 0.04375 0.121875
0 0.2984375 0.49296875 0.0390625 0.05625
0 0.26171875 0.51953125 0.0421875 0.0875
0 0.21640625 0.49140625 0.0375 0.078125
0 0.190625 0.45859375 0.0265625 0.059375
0 0.1671875 0.44609375 0.01875 0.046875
0 0.15390625 0.4234375 0.0140625 0.0375
0 0.15078125 0.47109375 0.0234375 0.053125
0 0.12578125 0.45546875 0.021875 0.05625