0 0.49140625 0.61796875 0.23125 0.1890625
0 0.17734375 0.5671875 0.15625 0.1515625
0 0.71484375 0.56484375 0.10625 0.1125
0 0.6125 0.55390625 0.0984375 0.1359375
0 0.0734375 0.5328125 0.0875 0.11875
0 0.015625 0.54609375 0.03125 0.08125
0 0.2875 0.55 0.0421875 0.1359375
0 0.3140625 0.55234375 0.053125 0.1375
0 0.3546875 0.56171875 0.0453125 0.13125
0 0.97890625 0.5765625 0.0390625 0.0859375
0 0.88515625 0.578125 0.05625 0.0875
0 0.015625 0.50859375 0.03125 0.159375
0 0.0609375 0.46015625 0.0390625 0.0703125
0 0.08125 0.48203125 0.04375 0.071875
0 0.11484375 0.48984375 0.040625 0.0953125
0 0.178125 0.51875 0.0890625 0.2015625
0 0.2171875 0.47734375 0.0453125 0.0765625
0 0.2390625 0.4609375 0.0296875 0.059375
0 0.26640625 0.52421875 0.0484375 0.171875
0 0.3203125 0.46953125 0.0453125 0.0890625
0 0.3625 0.5171875 0.0625 0.2
0 0.39921875 0.521875 0.0359375 0.196875
0 0.4390625 0.55703125 0.0671875 0.2109375
0 0.45234375 0.45625 0.03125 0.075
0 0.49921875 0.53828125 0.121875 0.2578125
0 0.51875 0.4625 0.03125 0.0625
0 0.55 0.49765625 0.040625 0.1078125
0 0.61484375 0.53515625 0.046875 0.2078125
0 0.63984375 0.503125 0.0296875 0.159375
0 0.69765625 0.5265625 0.0515625 0.228125
0 0.74375 0.53125 0.046875 0.203125
0 0.7875 0.52890625 0.0765625 0.2453125
0 0.8234375 0.5296875 0.040625 0.2078125
0 0.8625 0.5390625 0.0671875 0.23125
0 0.91328125 0.5171875 0.0296875 0.234375
0 0.94296875 0.54140625 0.0671875 0.2578125