0 0.8015625 0.7890625 0.1765625 0.4
0 0.66328125 0.66875 0.096875 0.246875
0 0.59453125 0.6234375 0.090625 0.1671875
0 0.54140625 0.55625 0.04375 0.140625
0 0.37265625 0.58828125 0.075 0.1828125
0 0.203125 0.73359375 0.1046875 0.375
0 0.0703125 0.7828125 0.096875 0.3234375
0 0.11171875 0.65234375 0.16875 0.5015625
0 0.2125 0.5296875 0.1078125 0.209375
0 0.284375 0.62890625 0.0703125 0.5234375
0 0.3515625 0.55859375 0.053125 0.3203125
0 0.396875 0.49375 0.05625 0.1265625
0 0.56640625 0.49609375 0.04375 0.10625
0 0.6 0.5671875 0.0890625 0.3
0 0.6828125 0.6125 0.1015625 0.3515625
0 0.8328125 0.5859375 0.1 0.2984375