0 0.7171875 0.58828125 0.246875 0.2375
0 0.384375 0.59296875 0.203125 0.16875
0 0.19765625 0.56953125 0.1484375 0.125
0 0.04296875 0.565625 0.078125 0.128125
0 0.0296875 0.4859375 0.059375 0.115625
0 0.1890625 0.5265625 0.090625 0.2
0 0.3796875 0.52578125 0.115625 0.2640625
0 0.70859375 0.503125 0.1328125 0.2734375
0 0.25625 0.43515625 0.034375 0.1265625
0 0.1015625 0.46328125 0.0234375 0.1015625
0 0.125 0.47109375 0.0265625 0.1046875
0 0.46328125 0.45625 0.0375 0.1375
0 0.62578125 0.440625 0.028125 0.11875
0 0.6078125 0.48828125 0.025 0.0921875
0 0.80625 0.4390625 0.040625 0.1625
0 0.85078125 0.4375 0.0359375 0.165625
0 0.8796875 0.45703125 0.0359375 0.1515625
0 0.94140625 0.45 0.0453125 0.16875
0 0.98984375 0.4234375 0.0203125 0.140625