0 0.8015625 0.7890625 0.1765625 0.4
0 0.66328125 0.66875 0.096875 0.246875
0 0.59453125 0.6234375 0.090625 0.1671875
0 0.54140625 0.55625 0.04375 0.140625
0 0.37265625 0.58828125 0.075 0.1828125
0 0.203125 0.73359375 0.1046875 0.375
0 0.0703125 0.7828125 0.096875 0.3234375
0 0.11171875 0.65 0.16875 0.4953125
0 0.2125 0.53125 0.096875 0.2109375
0 0.28203125 0.625 0.0890625 0.515625
0 0.34921875 0.55625 0.0578125 0.3046875
0 0.3984375 0.55078125 0.05625 0.225
0 0.83359375 0.575 0.0921875 0.2578125
0 0.684375 0.62421875 0.1046875 0.371875
0 0.6078125 0.565625 0.078125 0.2828125