0 0.6125 0.65078125 0.353125 0.64375
0 0.34453125 0.44296875 0.1171875 0.28125
0 0.265625 0.3640625 0.084375 0.1984375
0 0.19375 0.29765625 0.071875 0.1375
0 0.0640625 0.346875 0.059375 0.1765625
0 0.61953125 0.47578125 0.278125 0.7859375
0 0.4546875 0.34921875 0.10625 0.4046875
0 0.3484375 0.3546875 0.1109375 0.4078125
0 0.26640625 0.32578125 0.0625 0.271875
0 0.0140625 0.39921875 0.028125 0.171875
0 0.01875 0.25390625 0.0375 0.1078125
0 0.06484375 0.25390625 0.053125 0.096875
0 0.92578125 0.66328125 0.1484375 0.1609375
0 0.09609375 0.26171875 0.046875 0.0765625