0 0.87421875 0.31796875 0.215625 0.1890625
0 0.709375 0.31015625 0.1296875 0.103125
0 0.253125 0.359375 0.0984375 0.1015625
0 0.12421875 0.3640625 0.1046875 0.0859375
0 0.03828125 0.38125 0.071875 0.1046875
0 0.4421875 0.678125 0.3375 0.4859375
0 0.84921875 0.3046875 0.09375 0.325
0 0.70546875 0.26953125 0.0671875 0.153125
0 0.403125 0.51328125 0.209375 0.58125
0 0.70625 0.271875 0.06875 0.165625
0 0.43125 0.28359375 0.0375 0.084375
0 0.2453125 0.33359375 0.04375 0.1390625
0 0.1734375 0.3109375 0.0390625 0.078125
0 0.125 0.346875 0.0390625 0.1296875
0 0.04140625 0.35546875 0.040625 0.1203125
0 0.1734375 0.30859375 0.0390625 0.06875
0 0.21875 0.28671875 0.0203125 0.0484375