0 0.840625 0.68515625 0.2484375 0.41875
0 0.6734375 0.71953125 0.159375 0.4203125
0 0.52265625 0.696875 0.1953125 0.45
0 0.3515625 0.70625 0.1703125 0.4203125
0 0.13984375 0.71328125 0.234375 0.4859375
0 0.16640625 0.46640625 0.2125 0.7390625
0 0.3640625 0.48359375 0.21875 0.7390625
0 0.48828125 0.4625 0.1640625 0.675
0 0.67421875 0.51171875 0.20625 0.7109375
0 0.7640625 0.45703125 0.059375 0.25
0 0.9078125 0.4578125 0.1015625 0.38125
0 0.9734375 0.3859375 0.053125 0.140625
0 0.8078125 0.39296875 0.0375 0.1015625
0 0.85234375 0.38828125 0.0328125 0.1078125