0 0.878125 0.6921875 0.1375 0.2078125
0 0.73828125 0.78359375 0.209375 0.321875
0 0.61640625 0.653125 0.0671875 0.153125
0 0.53828125 0.678125 0.096875 0.228125
0 0.39921875 0.68984375 0.075 0.1984375
0 0.2734375 0.678125 0.0640625 0.1921875
0 0.21796875 0.6765625 0.0734375 0.1609375
0 0.34296875 0.66953125 0.0390625 0.184375
0 0.2234375 0.7875 0.446875 0.425
0 0.12265625 0.53203125 0.071875 0.134375
0 0.1765625 0.61875 0.1140625 0.296875
0 0.23515625 0.6125 0.0703125 0.2953125
0 0.25703125 0.48203125 0.04375 0.078125
0 0.290625 0.62109375 0.1109375 0.31875
0 0.3484375 0.5171875 0.0625 0.1484375
0 0.40625 0.63515625 0.090625 0.2796875
0 0.41171875 0.47421875 0.025 0.05625
0 0.44609375 0.54375 0.0671875 0.1890625
0 0.46796875 0.496875 0.0265625 0.0765625
0 0.49921875 0.49609375 0.034375 0.071875
0 0.5296875 0.64296875 0.0984375 0.325
0 0.590625 0.596875 0.0859375 0.265625
0 0.62109375 0.51171875 0.05 0.1
0 0.6703125 0.5203125 0.046875 0.1015625
0 0.7296875 0.63671875 0.146875 0.371875
0 0.82578125 0.55 0.0875 0.16875
0 0.88828125 0.609375 0.109375 0.19375