0 0.79921875 0.57265625 0.1578125 0.3921875
0 0.69921875 0.5109375 0.146875 0.328125
0 0.57578125 0.459375 0.1296875 0.3
0 0.5359375 0.40390625 0.2015625 0.21875
0 0.31640625 0.25703125 0.1671875 0.1140625
0 0.2421875 0.2703125 0.078125 0.165625
0 0.23046875 0.65859375 0.4609375 0.6828125
0 0.1828125 0.36875 0.128125 0.446875
0 0.890625 0.47890625 0.1484375 0.478125
0 0.7265625 0.40390625 0.109375 0.396875
0 0.659375 0.359375 0.096875 0.3421875
0 0.5171875 0.34140625 0.1015625 0.2984375
0 0.459375 0.29609375 0.0671875 0.309375
0 0.3765625 0.23359375 0.075 0.121875
0 0.35703125 0.1828125 0.053125 0.115625
0 0.31015625 0.17890625 0.0546875 0.134375
0 0.259375 0.178125 0.0484375 0.0875
0 0.13984375 0.13203125 0.0296875 0.06875
0 0.1640625 0.16953125 0.0578125 0.0765625