0 0.0671875 0.73359375 0.125 0.440625
0 0.1890625 0.71640625 0.084375 0.396875
0 0.30703125 0.775 0.13125 0.4390625
0 0.5734375 0.74921875 0.146875 0.4921875
0 0.73984375 0.7296875 0.1421875 0.434375
0 0.9125 0.76796875 0.13125 0.453125
0 0.39140625 0.59453125 0.0390625 0.2546875
0 0.43203125 0.56015625 0.034375 0.2609375
0 0.07734375 0.53984375 0.1484375 0.4984375
0 0.184375 0.55390625 0.115625 0.5421875
0 0.2953125 0.5296875 0.175 0.6546875
0 0.3921875 0.409375 0.078125 0.18125
0 0.4296875 0.39296875 0.053125 0.1703125
0 0.50078125 0.58359375 0.1203125 0.5390625
0 0.57265625 0.64921875 0.1484375 0.6234375
0 0.728125 0.5890625 0.153125 0.6015625
0 0.92109375 0.64140625 0.1578125 0.65625
0 0.7296875 0.58984375 0.15625 0.5953125