0 0.31796875 0.79921875 0.15625 0.3796875
0 0.45546875 0.70546875 0.090625 0.2921875
0 0.57265625 0.80078125 0.11875 0.3546875
0 0.65234375 0.49765625 0.053125 0.1828125
0 0.55546875 0.2125 0.084375 0.11875
0 0.31953125 0.6703125 0.1390625 0.525
0 0.38046875 0.5171875 0.06875 0.2
0 0.4640625 0.59921875 0.0984375 0.3484375
0 0.57578125 0.68125 0.1609375 0.478125
0 0.6578125 0.4453125 0.0640625 0.221875
0 0.54140625 0.42578125 0.065625 0.1609375
0 0.4796875 0.41640625 0.04375 0.0921875
0 0.46484375 0.37890625 0.0640625 0.0984375
0 0.45 0.309375 0.0359375 0.140625
0 0.49140625 0.30078125 0.040625 0.1234375
0 0.51640625 0.34921875 0.040625 0.109375
0 0.57265625 0.3765625 0.046875 0.0953125
0 0.58671875 0.271875 0.0359375 0.059375
0 0.625 0.25 0.0375 0.05625
0 0.6546875 0.26328125 0.03125 0.0640625
0 0.59296875 0.3328125 0.0375 0.103125
0 0.6453125 0.296875 0.0515625 0.08125
0 0.5015625 0.2109375 0.028125 0.096875
0 0.6453125 0.1859375 0.028125 0.046875