0 0.1328125 0.765625 0.234375 0.2421875
0 0.41875 0.76796875 0.246875 0.2890625
0 0.66015625 0.79453125 0.18125 0.3296875
0 0.81328125 0.73828125 0.3 0.309375
0 0.9078125 0.74296875 0.184375 0.2359375
0 0.30546875 0.69921875 0.0875 0.290625
0 0.42109375 0.6671875 0.0671875 0.2578125
0 0.49140625 0.64140625 0.05 0.215625
0 0.553125 0.62578125 0.0625 0.2421875
0 0.603125 0.60234375 0.071875 0.23125
0 0.65859375 0.615625 0.0546875 0.259375
0 0.746875 0.68671875 0.1296875 0.5453125
0 0.7703125 0.60390625 0.1578125 0.1234375