0 0.90390625 0.78828125 0.1859375 0.3453125
0 0.8421875 0.7234375 0.2140625 0.225
0 0.58984375 0.83125 0.3375 0.2875
0 0.178125 0.86484375 0.25 0.2609375
0 0.61953125 0.76328125 0.284375 0.3109375
0 0.609375 0.74375 0.2796875 0.3171875
0 0.03515625 0.653125 0.065625 0.153125
0 0.23984375 0.69375 0.08125 0.428125
0 0.40546875 0.73828125 0.0875 0.5234375
0 0.4421875 0.6609375 0.05625 0.40625
0 0.65234375 0.54140625 0.053125 0.2296875
0 0.7109375 0.5875 0.05625 0.284375
0 0.821875 0.5703125 0.0671875 0.24375
0 0.85 0.5171875 0.034375 0.190625
0 0.90390625 0.51015625 0.0875 0.1921875