0 0.88828125 0.621875 0.221875 0.246875
0 0.7375 0.665625 0.2546875 0.2796875
0 0.459375 0.84765625 0.3515625 0.2921875
0 0.1921875 0.6484375 0.16875 0.2453125
0 0.115625 0.56484375 0.1265625 0.1734375
0 0.296875 0.58046875 0.1171875 0.2078125
0 0.12578125 0.19921875 0.0921875 0.06875
0 0.03359375 0.2078125 0.0671875 0.06875
0 0.8890625 0.5078125 0.121875 0.346875
0 0.7359375 0.51953125 0.146875 0.3640625
0 0.4359375 0.64765625 0.2 0.4921875
0 0.36953125 0.53046875 0.1015625 0.284375
0 0.50546875 0.4640625 0.096875 0.1828125
0 0.49921875 0.39921875 0.10625 0.165625
0 0.3125 0.5078125 0.1046875 0.33125
0 0.2 0.53046875 0.11875 0.3125
0 0.121875 0.4859375 0.0578125 0.321875
0 0.08359375 0.43828125 0.05 0.24375