0 0.7171875 0.58828125 0.246875 0.2375
0 0.384375 0.59296875 0.203125 0.16875
0 0.19765625 0.56953125 0.1484375 0.125
0 0.04296875 0.565625 0.078125 0.128125
0 0.0328125 0.4875 0.065625 0.1375
0 0.19140625 0.52890625 0.0890625 0.2109375
0 0.10234375 0.4625 0.0234375 0.128125
0 0.12578125 0.47109375 0.0265625 0.1015625
0 0.22734375 0.45546875 0.025 0.0984375
0 0.2578125 0.446875 0.0265625 0.109375
0 0.46328125 0.4578125 0.0453125 0.134375
0 0.378125 0.5203125 0.109375 0.2625
0 0.62109375 0.4546875 0.0375 0.153125
0 0.60703125 0.48359375 0.028125 0.0921875
0 0.709375 0.5015625 0.128125 0.2734375
0 0.80625 0.44140625 0.040625 0.171875
0 0.85 0.44140625 0.0296875 0.171875
0 0.88125 0.45625 0.0328125 0.1390625
0 0.9390625 0.44375 0.04375 0.159375
0 0.98984375 0.43203125 0.0203125 0.1609375