0 0.721875 0.75078125 0.528125 0.49375
0 0.36171875 0.565625 0.390625 0.578125
0 0.31953125 0.3859375 0.153125 0.715625
0 0.66328125 0.371875 0.1171875 0.54375
0 0.796875 0.41171875 0.15 0.6078125
0 0.4171875 0.21953125 0.0171875 0.0359375
0 0.45625 0.2171875 0.0140625 0.040625
0 0.48203125 0.21953125 0.0109375 0.03125
0 0.0828125 0.21015625 0.0109375 0.040625
0 0.1078125 0.2125 0.0109375 0.0359375
0 0.1390625 0.2109375 0.009375 0.0390625
0 0.91875 0.2140625 0.0125 0.0421875
0 0.9390625 0.2265625 0.0359375 0.0453125