0 0.82734375 0.74765625 0.3375 0.3765625
0 0.64765625 0.675 0.259375 0.303125
0 0.0828125 0.496875 0.059375 0.096875
0 0.55859375 0.63671875 0.1375 0.21875
0 0.4640625 0.60234375 0.134375 0.2375
0 0.38671875 0.5625 0.084375 0.175
0 0.32734375 0.54609375 0.0984375 0.1703125
0 0.25546875 0.515625 0.0640625 0.134375
0 0.14140625 0.51328125 0.0375 0.084375
0 0.16328125 0.51796875 0.034375 0.078125
0 0.2015625 0.5171875 0.059375 0.078125
0 0.8546875 0.6234375 0.209375 0.753125
0 0.68125 0.60390625 0.1875 0.5171875
0 0.6140625 0.51796875 0.09375 0.221875
0 0.5515625 0.4703125 0.0625 0.1625
0 0.49296875 0.4734375 0.0703125 0.125
0 0.42109375 0.45703125 0.04375 0.075
0 0.359375 0.45546875 0.0296875 0.071875
0 0.3859375 0.45078125 0.0265625 0.0671875
0 0.3375 0.46640625 0.0359375 0.071875
0 0.30703125 0.45 0.0234375 0.0484375
0 0.18984375 0.446875 0.025 0.0671875
0 0.125 0.4796875 0.03125 0.1203125
0 0.09296875 0.44921875 0.028125 0.05