0 0.91796875 0.515625 0.15625 0.365625
0 0.80625 0.53828125 0.175 0.39375
0 0.7 0.565625 0.1671875 0.371875
0 0.5671875 0.55703125 0.10625 0.428125
0 0.45625 0.57421875 0.1125 0.4234375
0 0.30546875 0.60078125 0.121875 0.4609375
0 0.18828125 0.61171875 0.1453125 0.465625
0 0.07421875 0.60859375 0.1140625 0.453125
0 0.14453125 0.40703125 0.0828125 0.45625
0 0.228125 0.43828125 0.075 0.4546875
0 0.30078125 0.4015625 0.0703125 0.4125
0 0.3765625 0.40703125 0.09375 0.45625
0 0.45859375 0.39140625 0.06875 0.3859375
0 0.53046875 0.4 0.071875 0.428125
0 0.6125 0.3390625 0.090625 0.3515625
0 0.6953125 0.378125 0.0640625 0.3859375
0 0.7765625 0.32421875 0.0984375 0.340625