0 0.41015625 0.734375 0.1578125 0.43125
0 0.72578125 0.75546875 0.2265625 0.334375
0 0.5453125 0.72734375 0.16875 0.34375
0 0.30390625 0.60546875 0.09375 0.184375
0 0.90703125 0.74921875 0.178125 0.29375
0 0.72109375 0.8609375 0.5578125 0.278125
0 0.78984375 0.61640625 0.1140625 0.2203125
0 0.05078125 0.65546875 0.1015625 0.6890625
0 0.08359375 0.51328125 0.090625 0.30625
0 0.19453125 0.63515625 0.1390625 0.5921875
0 0.2640625 0.46015625 0.0390625 0.2015625
0 0.31796875 0.465625 0.046875 0.19375
0 0.3671875 0.4453125 0.0421875 0.165625
0 0.39921875 0.43671875 0.04375 0.134375
0 0.43046875 0.43046875 0.028125 0.0828125
0 0.59921875 0.62890625 0.115625 0.4796875
0 0.64375 0.409375 0.0625 0.1
0 0.678125 0.61328125 0.115625 0.5046875
0 0.7421875 0.45859375 0.0421875 0.146875
0 0.796875 0.43984375 0.059375 0.1296875
0 0.871875 0.553125 0.10625 0.4