0 0.41015625 0.734375 0.1578125 0.43125
0 0.72578125 0.75546875 0.2265625 0.334375
0 0.5453125 0.72734375 0.16875 0.34375
0 0.30390625 0.60546875 0.09375 0.184375
0 0.90703125 0.74921875 0.178125 0.29375
0 0.0484375 0.6484375 0.096875 0.703125
0 0.0796875 0.50703125 0.0875 0.3015625
0 0.196875 0.63359375 0.146875 0.5875
0 0.26171875 0.45859375 0.0421875 0.196875
0 0.31796875 0.4515625 0.05 0.175
0 0.37109375 0.4453125 0.0421875 0.1734375
0 0.39921875 0.428125 0.0390625 0.109375
0 0.4328125 0.42578125 0.0265625 0.075
0 0.5921875 0.63359375 0.1015625 0.4828125
0 0.64140625 0.41015625 0.0625 0.0953125
0 0.67890625 0.6109375 0.109375 0.503125
0 0.79375 0.4390625 0.059375 0.125
0 0.86875 0.56015625 0.10625 0.40625
0 0.73984375 0.459375 0.04375 0.15
0 0.15390625 0.4109375 0.025 0.075
0 0.71796875 0.859375 0.5625 0.28125