0 0.0671875 0.73359375 0.125 0.440625
0 0.1890625 0.71640625 0.084375 0.396875
0 0.30703125 0.775 0.13125 0.4390625
0 0.5734375 0.74921875 0.146875 0.4921875
0 0.73984375 0.7296875 0.1421875 0.434375
0 0.9125 0.76796875 0.13125 0.453125
0 0.39140625 0.59453125 0.0390625 0.2546875
0 0.43203125 0.56015625 0.034375 0.2609375
0 0.0265625 0.43046875 0.053125 0.2015625
0 0.078125 0.60546875 0.15625 0.61875
0 0.1859375 0.55234375 0.1078125 0.54375
0 0.309375 0.6109375 0.178125 0.640625
0 0.253125 0.371875 0.0515625 0.125
0 0.39140625 0.40703125 0.08125 0.1734375
0 0.43125 0.396875 0.05625 0.178125
0 0.49921875 0.57890625 0.1140625 0.5359375
0 0.571875 0.65078125 0.1546875 0.6203125
0 0.72890625 0.5875 0.1625 0.60625
0 0.92109375 0.646875 0.1578125 0.671875