0 0.85078125 0.7765625 0.146875 0.4375
0 0.69921875 0.8203125 0.2328125 0.359375
0 0.52578125 0.79765625 0.215625 0.4046875
0 0.2765625 0.66328125 0.175 0.4296875
0 0.1125 0.85234375 0.2125 0.2859375
0 0.4109375 0.434375 0.075 0.2375
0 0.62265625 0.43359375 0.0671875 0.1578125
0 0.12578125 0.63359375 0.2515625 0.7328125
0 0.2828125 0.5 0.15 0.634375
0 0.33671875 0.34609375 0.0859375 0.2953125
0 0.41640625 0.2859375 0.071875 0.178125
0 0.54140625 0.60859375 0.1875 0.5578125
0 0.4765625 0.3046875 0.0671875 0.24375
0 0.52578125 0.34609375 0.1453125 0.2953125
0 0.6109375 0.3421875 0.075 0.28125
0 0.71171875 0.32265625 0.1359375 0.2453125
0 0.69921875 0.67734375 0.2046875 0.6375
0 0.85859375 0.53515625 0.175 0.634375
0 0.9625 0.3 0.06875 0.1859375