0 0.92734375 0.61796875 0.134375 0.5
0 0.8109375 0.63046875 0.121875 0.4875
0 0.6703125 0.65703125 0.175 0.5421875
0 0.5359375 0.64375 0.178125 0.50625
0 0.38046875 0.6171875 0.1484375 0.5328125
0 0.24375 0.61484375 0.13125 0.515625
0 0.1375 0.60078125 0.13125 0.5109375
0 0.05625 0.5453125 0.0921875 0.434375
0 0.184375 0.47578125 0.0953125 0.6875
0 0.3125 0.45078125 0.09375 0.76875
0 0.43203125 0.47890625 0.1 0.66875
0 0.51328125 0.4546875 0.1203125 0.83125
0 0.68828125 0.45234375 0.1109375 0.8265625
0 0.81796875 0.47421875 0.1296875 0.7328125
0 0.94453125 0.45390625 0.0890625 0.609375