0 0.76484375 0.73046875 0.23125 0.4640625
0 0.4625 0.81171875 0.203125 0.3671875
0 0.34453125 0.5390625 0.121875 0.29375
0 0.26328125 0.38984375 0.0796875 0.1828125
0 0.215625 0.26640625 0.053125 0.1078125
0 0.69765625 0.28984375 0.225 0.2359375
0 0.91328125 0.6859375 0.1734375 0.628125
0 0.78359375 0.5375 0.2234375 0.60625
0 0.5703125 0.28671875 0.05625 0.2421875
0 0.52265625 0.259375 0.0546875 0.18125
0 0.66171875 0.3171875 0.0515625 0.25
0 0.8703125 0.34921875 0.059375 0.2640625
0 0.35625 0.409375 0.109375 0.3375
0 0.39296875 0.290625 0.04375 0.209375
0 0.315625 0.26484375 0.0515625 0.1296875
0 0.25859375 0.325 0.078125 0.259375
0 0.2171875 0.196875 0.05 0.109375