0 0.62421875 0.34609375 0.2875 0.121875
0 0.77265625 0.56015625 0.346875 0.2015625
0 0.85390625 0.3734375 0.275 0.115625
0 0.8296875 0.3234375 0.3296875 0.1015625
0 0.86875 0.5046875 0.2515625 0.2078125
0 0.3 0.7 0.6 0.6
0 0.078125 0.3890625 0.1046875 0.0859375
0 0.2859375 0.35234375 0.2171875 0.19375
0 0.04921875 0.5015625 0.0984375 0.128125
0 0.37421875 0.32421875 0.0984375 0.159375
0 0.63046875 0.3 0.0875 0.175
0 0.690625 0.2453125 0.059375 0.0859375
0 0.71640625 0.70546875 0.5671875 0.5890625