0 0.91640625 0.85625 0.159375 0.2375
0 0.65703125 0.853125 0.38125 0.228125
0 0.28203125 0.85078125 0.3796875 0.1984375
0 0.13359375 0.7328125 0.2296875 0.1578125
0 0.31484375 0.596875 0.0640625 0.0984375
0 0.30859375 0.67890625 0.1015625 0.1796875
0 0.38671875 0.684375 0.0625 0.171875
0 0.45390625 0.68984375 0.0703125 0.1609375
0 0.390625 0.5859375 0.059375 0.0890625
0 0.44453125 0.609375 0.0515625 0.0828125
0 0.45078125 0.575 0.0265625 0.0546875
0 0.4984375 0.61640625 0.0546875 0.11875
0 0.54140625 0.690625 0.059375 0.1609375
0 0.5671875 0.61640625 0.028125 0.09375
0 0.60390625 0.71015625 0.06875 0.184375
0 0.584375 0.584375 0.0234375 0.0546875
0 0.61953125 0.5890625 0.028125 0.0625
0 0.6265625 0.63125 0.0390625 0.0984375
0 0.665625 0.7046875 0.0640625 0.165625
0 0.69609375 0.62890625 0.0515625 0.1203125
0 0.70703125 0.578125 0.034375 0.0875
0 0.7578125 0.58203125 0.0515625 0.084375
0 0.7578125 0.70390625 0.096875 0.171875
0 0.76796875 0.63515625 0.04375 0.1015625
0 0.809375 0.61953125 0.0421875 0.078125
0 0.84609375 0.71171875 0.0984375 0.209375