0 0.76484375 0.68359375 0.3484375 0.4328125
0 0.53359375 0.7046875 0.1265625 0.45625
0 0.46328125 0.5015625 0.125 0.209375
0 0.328125 0.6484375 0.2234375 0.3234375
0 0.20625 0.5171875 0.134375 0.1625
0 0.18125 0.42421875 0.075 0.0734375
0 0.09921875 0.409375 0.075 0.234375
0 0.15625 0.3609375 0.0375 0.153125
0 0.20390625 0.34140625 0.0328125 0.1328125
0 0.24296875 0.35546875 0.05 0.1265625
0 0.325 0.52578125 0.15625 0.5578125
0 0.403125 0.48515625 0.1140625 0.4671875
0 0.4328125 0.3578125 0.0453125 0.15
0 0.565625 0.54375 0.1390625 0.63125
0 0.76640625 0.5421875 0.25 0.66875