0 0.82734375 0.6203125 0.0484375 0.1484375
0 0.26875 0.57109375 0.0375 0.159375
0 0.19609375 0.57890625 0.04375 0.175
0 0.521875 0.6171875 0.06875 0.21875
0 0.77109375 0.675 0.0515625 0.2140625
0 0.734375 0.68046875 0.0953125 0.2234375
0 0.1453125 0.584375 0.0515625 0.196875
0 0.36328125 0.58203125 0.0375 0.159375
0 0.5890625 0.63359375 0.0734375 0.240625
0 0.10546875 0.5765625 0.0375 0.1484375
0 0.3109375 0.5953125 0.046875 0.153125
0 0.45234375 0.63125 0.06875 0.2359375
0 0.9 0.66953125 0.084375 0.2578125