0 0.79609375 0.8078125 0.40625 0.3828125
0 0.38203125 0.73359375 0.228125 0.3390625
0 0.18203125 0.70078125 0.196875 0.2734375
0 0.05234375 0.65390625 0.09375 0.234375
0 0.04921875 0.671875 0.0984375 0.24375
0 0.08359375 0.884375 0.1671875 0.1828125
0 0.2375 0.48515625 0.0328125 0.0796875
0 0.2640625 0.47265625 0.025 0.0765625
0 0.284375 0.4765625 0.0203125 0.0796875
0 0.30625 0.46875 0.03125 0.0953125
0 0.34375 0.46875 0.040625 0.0953125
0 0.38125 0.465625 0.0328125 0.1296875
0 0.4234375 0.47890625 0.0546875 0.15625
0 0.48125 0.47421875 0.0546875 0.140625
0 0.52109375 0.4765625 0.040625 0.128125
0 0.54921875 0.465625 0.0265625 0.090625
0 0.58125 0.47890625 0.034375 0.10625
0 0.440625 0.35390625 0.04375 0.159375
0 0.4859375 0.36875 0.0625 0.16875
0 0.24375 0.5890625 0.065625 0.175
0 0.284375 0.578125 0.0640625 0.178125
0 0.32890625 0.60390625 0.0765625 0.2109375
0 0.4015625 0.61171875 0.059375 0.2046875
0 0.484375 0.61171875 0.1015625 0.2421875
0 0.55703125 0.62421875 0.075 0.21875
0 0.59921875 0.609375 0.034375 0.19375
0 0.63125 0.56640625 0.03125 0.1109375
0 0.66484375 0.60078125 0.046875 0.1640625