0 0.86171875 0.73828125 0.2375 0.5109375
0 0.59140625 0.7265625 0.2671875 0.5375
0 0.47578125 0.6890625 0.1875 0.6125
0 0.23515625 0.72109375 0.259375 0.51875
0 0.0203125 0.675 0.040625 0.346875
0 0.74921875 0.40078125 0.04375 0.2125
0 0.840625 0.4875 0.0421875 0.209375
0 0.0203125 0.29609375 0.040625 0.434375
0 0.2515625 0.51796875 0.209375 0.6921875
0 0.23671875 0.278125 0.1625 0.2890625
0 0.4703125 0.29765625 0.171875 0.4125
0 0.4390625 0.28828125 0.065625 0.153125
0 0.56796875 0.4609375 0.253125 0.71875
0 0.86328125 0.5375 0.2734375 0.91875
0 0.7828125 0.29609375 0.0671875 0.1921875
0 0.69765625 0.27421875 0.04375 0.1421875
0 0.75703125 0.26328125 0.04375 0.1484375