0 0.5234375 0.80703125 0.578125 0.38125
0 0.28984375 0.765625 0.46875 0.3921875
0 0.89140625 0.61875 0.209375 0.2734375
0 0.08359375 0.53125 0.1671875 0.3328125
0 0.39609375 0.55625 0.175 0.2578125
0 0.1734375 0.43203125 0.215625 0.1390625
0 0.309375 0.709375 0.234375 0.5734375
0 0.53828125 0.55078125 0.08125 0.5625
0 0.69453125 0.6421875 0.121875 0.690625
0 0.940625 0.3703125 0.05 0.146875
0 0.5953125 0.38203125 0.0375 0.171875
0 0.7625 0.353125 0.0359375 0.134375
0 0.80625 0.328125 0.0328125 0.1078125
0 0.83046875 0.33984375 0.0265625 0.0828125
0 0.871875 0.33671875 0.0265625 0.1171875
0 0.12421875 0.33515625 0.021875 0.05625
0 0.29140625 0.32734375 0.0234375 0.05
0 0.3609375 0.340625 0.0203125 0.0671875
0 0.384375 0.35703125 0.0234375 0.0828125
0 0.40703125 0.36171875 0.0234375 0.0921875
0 0.46328125 0.36796875 0.0296875 0.121875
0 0.21796875 0.334375 0.0203125 0.0578125
0 0.2375 0.34140625 0.021875 0.059375