0 0.9375 0.58515625 0.0859375 0.2078125
0 0.89453125 0.5734375 0.075 0.2171875
0 0.82890625 0.58203125 0.096875 0.24375
0 0.76328125 0.625 0.13125 0.2578125
0 0.6609375 0.6359375 0.115625 0.265625
0 0.58828125 0.64921875 0.1375 0.34375
0 0.5 0.7046875 0.1375 0.365625
0 0.38984375 0.728125 0.1953125 0.375
0 0.30390625 0.76171875 0.2875 0.4171875
0 0.1765625 0.78203125 0.275 0.428125
0 0.04921875 0.6203125 0.0984375 0.75625
0 0.22578125 0.60546875 0.1390625 0.4421875
0 0.3671875 0.63671875 0.103125 0.55625
0 0.5046875 0.6078125 0.0890625 0.4125
0 0.58125 0.4765625 0.0734375 0.175
0 0.6390625 0.46015625 0.0796875 0.1796875
0 0.68203125 0.46484375 0.0546875 0.1234375
0 0.7265625 0.453125 0.0484375 0.190625
0 0.76171875 0.43203125 0.05 0.178125
0 0.80703125 0.4890625 0.05 0.1484375
0 0.93984375 0.496875 0.0453125 0.2484375
0 0.83359375 0.44140625 0.0265625 0.0953125
0 0.86328125 0.45625 0.0328125 0.134375
0 0.8875 0.43984375 0.0296875 0.103125