0 0.91796875 0.515625 0.15625 0.365625
0 0.80625 0.53828125 0.175 0.39375
0 0.7 0.565625 0.1671875 0.371875
0 0.5671875 0.55703125 0.10625 0.428125
0 0.45625 0.57421875 0.1125 0.4234375
0 0.30546875 0.60078125 0.121875 0.4609375
0 0.18828125 0.61171875 0.1453125 0.465625
0 0.07421875 0.60859375 0.1140625 0.453125
0 0.14375 0.38671875 0.0796875 0.4125
0 0.2296875 0.4328125 0.078125 0.4484375
0 0.3 0.39765625 0.078125 0.4046875
0 0.37421875 0.40078125 0.09375 0.4421875
0 0.4578125 0.39609375 0.0671875 0.384375
0 0.5296875 0.40390625 0.0734375 0.4328125
0 0.61015625 0.33125 0.0859375 0.3421875
0 0.696875 0.35625 0.0671875 0.3453125
0 0.77734375 0.32265625 0.0890625 0.328125