0 0.67734375 0.534375 0.075 0.19375
0 0.55234375 0.465625 0.0890625 0.1265625
0 0.48046875 0.49375 0.071875 0.1328125
0 0.1921875 0.63046875 0.1515625 0.334375
0 0.1890625 0.45859375 0.1609375 0.3546875
0 0.3578125 0.48671875 0.0703125 0.3203125
0 0.4140625 0.45390625 0.065625 0.278125
0 0.4765625 0.44140625 0.059375 0.225
0 0.56015625 0.43984375 0.0421875 0.178125
0 0.6234375 0.41328125 0.0265625 0.0890625
0 0.68359375 0.45 0.075 0.2859375
0 0.734375 0.4328125 0.025 0.090625
0 0.79765625 0.45703125 0.0234375 0.1078125
0 0.77265625 0.4296875 0.0328125 0.11875
0 0.8078125 0.4125 0.0109375 0.0484375
0 0.753125 0.415625 0.021875 0.1171875