0 0.84296875 0.60078125 0.3046875 0.3171875
0 0.07109375 0.62890625 0.1375 0.6609375
0 0.0546875 0.3125 0.071875 0.128125
0 0.11015625 0.38125 0.078125 0.265625
0 0.16484375 0.37890625 0.05625 0.2765625
0 0.21796875 0.390625 0.059375 0.240625
0 0.2421875 0.284375 0.028125 0.1
0 0.2734375 0.3921875 0.059375 0.246875
0 0.3125 0.415625 0.0375 0.20625
0 0.3390625 0.39765625 0.0421875 0.2515625
0 0.3703125 0.39375 0.0515625 0.275
0 0.4234375 0.3890625 0.0546875 0.2828125
0 0.47109375 0.40078125 0.0484375 0.2796875
0 0.51953125 0.40390625 0.0359375 0.259375
0 0.56328125 0.42421875 0.0546875 0.246875
0 0.61015625 0.40078125 0.046875 0.3296875
0 0.68515625 0.42265625 0.05 0.2578125
0 0.75859375 0.40546875 0.0515625 0.2890625
0 0.83515625 0.33046875 0.05 0.0703125
0 0.91015625 0.34609375 0.0578125 0.1046875
0 0.9578125 0.44140625 0.0484375 0.2453125
0 0.990625 0.3734375 0.01875 0.0875