0 0.275 0.228125 0.209375 0.1359375
0 0.50390625 0.17265625 0.16875 0.10625
0 0.8421875 0.29453125 0.0828125 0.1609375
0 0.32578125 0.603125 0.271875 0.26875
0 0.15234375 0.4578125 0.0984375 0.221875
0 0.671875 0.71015625 0.4890625 0.3828125
0 0.45546875 0.46640625 0.1140625 0.28125
0 0.90859375 0.4953125 0.1765625 0.2296875
0 0.0421875 0.23828125 0.084375 0.26875
0 0.12265625 0.23203125 0.0828125 0.240625
0 0.20859375 0.27265625 0.0609375 0.2
0 0.2328125 0.17109375 0.03125 0.0609375
0 0.28046875 0.28046875 0.0421875 0.23125
0 0.3140625 0.275 0.0453125 0.2171875
0 0.35546875 0.20859375 0.03125 0.1078125
0 0.38828125 0.31484375 0.05625 0.271875
0 0.47578125 0.309375 0.06875 0.2421875
0 0.9734375 0.29375 0.053125 0.2171875
0 0.65625 0.4859375 0.1296875 0.2125