0 0.878125 0.6921875 0.1375 0.2078125
0 0.73828125 0.78359375 0.209375 0.321875
0 0.61640625 0.653125 0.0671875 0.153125
0 0.53828125 0.678125 0.096875 0.228125
0 0.4265625 0.68984375 0.075 0.1984375
0 0.2734375 0.678125 0.0640625 0.1921875
0 0.21796875 0.6765625 0.0734375 0.1609375
0 0.34296875 0.66953125 0.0390625 0.184375
0 0.22734375 0.78671875 0.4546875 0.4265625
0 0.12421875 0.5296875 0.0703125 0.1296875
0 0.159375 0.6265625 0.1171875 0.3046875
0 0.34609375 0.5921875 0.06875 0.2921875
0 0.2578125 0.4875 0.053125 0.0828125
0 0.2890625 0.609375 0.11875 0.328125
0 0.3453125 0.534375 0.0625 0.1796875
0 0.4046875 0.56171875 0.0921875 0.1484375
0 0.41015625 0.47734375 0.0265625 0.046875
0 0.44140625 0.534375 0.0703125 0.1703125
0 0.46796875 0.4953125 0.0296875 0.0625
0 0.496875 0.50859375 0.0375 0.103125
0 0.51796875 0.63984375 0.0984375 0.3109375
0 0.59609375 0.57890625 0.090625 0.234375
0 0.6265625 0.515625 0.0546875 0.096875
0 0.67421875 0.52578125 0.0515625 0.1109375
0 0.73671875 0.634375 0.134375 0.3859375
0 0.8265625 0.55625 0.1 0.159375
0 0.8921875 0.57421875 0.1109375 0.1328125