0 0.49140625 0.61796875 0.23125 0.1890625
0 0.17734375 0.5671875 0.15625 0.1515625
0 0.71484375 0.56484375 0.10625 0.1125
0 0.6125 0.55390625 0.0984375 0.1359375
0 0.0734375 0.5328125 0.0875 0.11875
0 0.27890625 0.571875 0.034375 0.10625
0 0.3125 0.55625 0.0515625 0.128125
0 0.35859375 0.5625 0.0453125 0.128125
0 0.015625 0.50234375 0.03125 0.1484375
0 0.06171875 0.45625 0.0359375 0.059375
0 0.07890625 0.471875 0.0390625 0.046875
0 0.11328125 0.47421875 0.028125 0.0609375
0 0.175 0.5078125 0.0765625 0.175
0 0.2140625 0.47421875 0.046875 0.075
0 0.23828125 0.4546875 0.025 0.0515625
0 0.26796875 0.51796875 0.0484375 0.1578125
0 0.32109375 0.4640625 0.0453125 0.0796875
0 0.36171875 0.51484375 0.05625 0.2015625
0 0.40078125 0.52734375 0.0421875 0.203125
0 0.434375 0.55546875 0.0765625 0.2203125
0 0.45390625 0.453125 0.0359375 0.0671875
0 0.5 0.5390625 0.1171875 0.2609375
0 0.54453125 0.496875 0.040625 0.1140625
0 0.61328125 0.53203125 0.0453125 0.196875
0 0.63828125 0.471875 0.028125 0.09375
0 0.69921875 0.52578125 0.053125 0.2265625
0 0.7484375 0.528125 0.0421875 0.1984375
0 0.7859375 0.528125 0.0796875 0.2453125
0 0.82421875 0.53046875 0.0375 0.20625
0 0.8625 0.53984375 0.05625 0.2265625
0 0.9171875 0.5140625 0.0390625 0.2390625
0 0.94296875 0.5421875 0.0703125 0.2609375