0 0.921875 0.415625 0.053125 0.1171875
0 0.7078125 0.36171875 0.025 0.071875
0 0.615625 0.3296875 0.040625 0.071875
0 0.42890625 0.3 0.0546875 0.0515625
0 0.33515625 0.3 0.0265625 0.0515625
0 0.6140625 0.71171875 0.1125 0.325
0 0.41875 0.8 0.1296875 0.340625
0 0.28671875 0.7296875 0.1265625 0.3125
0 0.33984375 0.28046875 0.0265625 0.078125
0 0.43515625 0.2796875 0.034375 0.0703125
0 0.61796875 0.309375 0.03125 0.0765625
0 0.70703125 0.3359375 0.034375 0.0921875
0 0.92578125 0.384375 0.0515625 0.1234375
0 0.3046875 0.61953125 0.1328125 0.4421875
0 0.42734375 0.68984375 0.1578125 0.5015625
0 0.6265625 0.60859375 0.109375 0.3921875