0 0.046875 0.5609375 0.0921875 0.1890625
0 0.20859375 0.52890625 0.0921875 0.184375
0 0.10625 0.55078125 0.115625 0.23125
0 0.28515625 0.53203125 0.084375 0.16875
0 0.92109375 0.54296875 0.15 0.2109375
0 0.62109375 0.696875 0.625 0.571875
0 0.8109375 0.54296875 0.1203125 0.1859375
0 0.41484375 0.53203125 0.0546875 0.14375
0 0.603125 0.5421875 0.3453125 0.915625
0 0.35546875 0.47890625 0.0578125 0.1984375
0 0.2125 0.46875 0.040625 0.0796875
0 0.85703125 0.42734375 0.0640625 0.0765625
0 0.14609375 0.45703125 0.046875 0.1046875
0 0.95390625 0.42890625 0.0453125 0.0859375