0 0.48828125 0.621875 0.346875 0.3953125
0 0.890625 0.5828125 0.2125 0.3046875
0 0.8046875 0.8140625 0.3703125 0.3640625
0 0.57578125 0.746875 0.46875 0.5
0 0.1859375 0.665625 0.371875 0.66875
0 0.20625 0.19765625 0.140625 0.284375
0 0.3484375 0.20546875 0.090625 0.1953125
0 0.37265625 0.36796875 0.121875 0.2921875
0 0.48671875 0.365625 0.109375 0.3328125
0 0.44375 0.18671875 0.078125 0.19375
0 0.61796875 0.42578125 0.125 0.3671875
0 0.70546875 0.39140625 0.084375 0.3140625
0 0.7734375 0.353125 0.1046875 0.453125
0 0.82109375 0.4453125 0.1421875 0.54375
0 0.95234375 0.36796875 0.0953125 0.1109375