0 0.19375 0.66171875 0.1296875 0.134375
0 0.18203125 0.821875 0.30625 0.3296875
0 0.534375 0.7734375 0.234375 0.209375
0 0.61484375 0.59453125 0.2640625 0.2421875
0 0.903125 0.6 0.1375 0.234375
0 0.74921875 0.57265625 0.196875 0.2265625
0 0.07421875 0.5 0.0546875 0.1734375
0 0.12265625 0.50703125 0.115625 0.1609375
0 0.2796875 0.56796875 0.1109375 0.365625
0 0.33984375 0.553125 0.059375 0.2828125
0 0.375 0.50234375 0.046875 0.1703125
0 0.434375 0.5671875 0.0703125 0.3609375
0 0.4625 0.5296875 0.0609375 0.3296875
0 0.5 0.49296875 0.0390625 0.2015625
0 0.53203125 0.50625 0.04375 0.203125
0 0.65078125 0.45390625 0.0546875 0.103125
0 0.91015625 0.4640625 0.0453125 0.0875
0 0.95 0.45859375 0.0296875 0.0765625
0 0.98046875 0.4765625 0.0296875 0.115625