0 0.275 0.228125 0.209375 0.1359375
0 0.50390625 0.17265625 0.16875 0.10625
0 0.8421875 0.29453125 0.0828125 0.1609375
0 0.32578125 0.603125 0.271875 0.26875
0 0.15234375 0.4578125 0.0984375 0.221875
0 0.70859375 0.709375 0.415625 0.3828125
0 0.45546875 0.46640625 0.1140625 0.28125
0 0.90859375 0.4953125 0.1765625 0.2296875
0 0.0390625 0.2328125 0.078125 0.2625
0 0.11640625 0.23203125 0.0859375 0.246875
0 0.21015625 0.26953125 0.0640625 0.20625
0 0.28125 0.28125 0.0453125 0.2375
0 0.3125 0.26953125 0.04375 0.221875
0 0.3578125 0.2265625 0.0390625 0.1421875
0 0.3859375 0.3109375 0.0703125 0.265625
0 0.47734375 0.3109375 0.071875 0.2390625
0 0.97421875 0.29453125 0.0515625 0.215625