0 0.809375 0.5125 0.1625 0.3015625
0 0.66015625 0.4515625 0.0625 0.221875
0 0.56015625 0.5171875 0.1453125 0.3515625
0 0.47578125 0.46640625 0.10625 0.30625
0 0.40859375 0.48046875 0.10625 0.2859375
0 0.19140625 0.53046875 0.134375 0.34375
0 0.21328125 0.71484375 0.3875 0.5375
0 0.1375 0.19375 0.20625 0.2515625
0 0.4109375 0.190625 0.0515625 0.1609375
0 0.334375 0.1921875 0.1015625 0.16875
0 0.19765625 0.43671875 0.1765625 0.4984375
0 0.3125 0.55390625 0.146875 0.7875
0 0.47421875 0.34609375 0.096875 0.3109375
0 0.58203125 0.44296875 0.1484375 0.471875
0 0.65703125 0.35859375 0.0796875 0.3421875
0 0.7171875 0.278125 0.05 0.234375
0 0.77578125 0.309375 0.0984375 0.35625
0 0.84375 0.33359375 0.1078125 0.478125