0 0.6265625 0.64453125 0.1984375 0.15625
0 0.14609375 0.64453125 0.18125 0.134375
0 0.384375 0.64453125 0.1671875 0.1453125
0 0.85859375 0.65 0.1984375 0.15625
0 0.14375 0.8 0.1765625 0.15625
0 0.85390625 0.803125 0.1890625 0.15
0 0.390625 0.803125 0.1984375 0.1609375
0 0.62265625 0.80546875 0.18125 0.1453125
0 0.6265625 0.31953125 0.1984375 0.15
0 0.85859375 0.321875 0.1796875 0.1453125
0 0.15 0.321875 0.18125 0.15625
0 0.384375 0.321875 0.1765625 0.15625
0 0.384375 0.48046875 0.1765625 0.15
0 0.62421875 0.48359375 0.184375 0.1453125
0 0.8625 0.48359375 0.1890625 0.15625
0 0.1484375 0.48359375 0.184375 0.1453125