0 0.71640625 0.540625 0.165625 0.378125
0 0.61015625 0.5921875 0.10625 0.384375
0 0.53828125 0.59765625 0.1609375 0.4484375
0 0.43203125 0.62734375 0.1984375 0.5078125
0 0.2109375 0.6484375 0.3625 0.628125
0 0.60625 0.678125 0.0765625 0.2546875
0 0.2671875 0.2078125 0.41875 0.384375
0 0.6578125 0.2375 0.2078125 0.259375
0 0.8625 0.25390625 0.121875 0.20625
0 0.93203125 0.4890625 0.1140625 0.2546875
0 0.96328125 0.5078125 0.0734375 0.20625
0 0.87578125 0.521875 0.1390625 0.275
0 0.7765625 0.5296875 0.1328125 0.325
0 0.82421875 0.5296875 0.125 0.2921875