3 0.3343750000000001 0.565625 0.2468750000000001 0.565625 0.2468750000000001 0.6625 0.3343750000000001 0.6625
3 0.7125 0.434375 0.565625 0.434375 0.565625 0.703125 0.7125 0.703125
3 0.6250000000000001 0.4625 0.46875 0.4625 0.4687500000000001 0.734375 0.6250000000000002 0.734375
3 0.5406250000000001 0.51875 0.415625 0.51875 0.4156250000000001 0.75 0.5406250000000001 0.75
3 0.21875000000000008 0.61875 0.10312500000000009 0.61875 0.10312500000000009 0.775 0.21875000000000008 0.775
3 0.765625 0.5312500000000001 0.65625 0.53125 0.65625 0.7187500000000001 0.765625 0.7187500000000002
3 1 0.37187500000000007 0.7625 0.37187500000000007 0.7625000000000001 0.84375 1 0.84375
3 0.4687500000000001 0.5625 0.3031250000000001 0.5625 0.3031250000000001 0.840625 0.46875000000000017 0.840625
3 0.5312500000000001 0.553125 0.3781250000000001 0.553125 0.3781250000000001 0.8375 0.5312500000000002 0.8375
0 0.2656250000000001 0.653125 0.0750000000000001 0.653125 0.0750000000000001 0.85625 0.2656250000000001 0.85625
0 0.7937500000000001 0.5875000000000001 0.628125 0.5875 0.628125 0.7500000000000001 0.7937500000000002 0.7500000000000002
0 0.925 0.5312500000000002 0.734375 0.5312500000000002 0.7343750000000001 0.834375 0.925 0.834375
0 0.5406250000000001 0.665625 0.3437500000000001 0.665625 0.3437500000000001 0.8875 0.5406250000000001 0.8875