3 0.2812500000000001 0.5 0.2156250000000001 0.5 0.2156250000000001 0.578125 0.2812500000000001 0.578125
3 0.646875 0.428125 0.565625 0.428125 0.565625 0.675 0.646875 0.675
3 0.553125 0.44375 0.459375 0.44375 0.459375 0.690625 0.553125 0.690625
3 0.4625 0.484375 0.3937500000000001 0.484375 0.3937500000000001 0.696875 0.4625 0.696875
3 0.13750000000000007 0.534375 0.056250000000000064 0.534375 0.05625000000000008 0.66875 0.1375000000000001 0.66875
3 0.69375 0.53125 0.63125 0.53125 0.63125 0.703125 0.69375 0.703125
3 0.921875 0.4156250000000002 0.775 0.4156250000000002 0.7750000000000001 0.846875 0.921875 0.846875
3 0.3687500000000001 0.515625 0.2687500000000001 0.515625 0.2687500000000001 0.765625 0.3687500000000001 0.765625
3 0.4312500000000001 0.5125 0.3468750000000001 0.5125 0.3468750000000001 0.775 0.4312500000000002 0.775
0 0.1687500000000001 0.578125 0.015625000000000073 0.578125 0.01562500000000008 0.7375 0.1687500000000001 0.7375
0 0.71875 0.6 0.584375 0.6 0.584375 0.721875 0.71875 0.721875
0 0.825 0.5562500000000001 0.70625 0.55625 0.70625 0.828125 0.825 0.828125
0 0.4312500000000001 0.63125 0.2812500000000001 0.63125 0.2812500000000001 0.8125 0.4312500000000002 0.8125