3 0.2812500000000001 0.53125 0.2062500000000001 0.53125 0.2062500000000001 0.615625 0.2812500000000001 0.615625
3 0.653125 0.453125 0.55 0.453125 0.55 0.715625 0.653125 0.715625
3 0.5593750000000001 0.471875 0.446875 0.471875 0.4468750000000001 0.73125 0.5593750000000002 0.73125
3 0.4687500000000001 0.5125 0.3812500000000001 0.5125 0.3812500000000001 0.734375 0.46875000000000017 0.734375
3 0.14062500000000008 0.5625 0.050000000000000065 0.5625 0.05000000000000008 0.709375 0.14062500000000008 0.709375
3 0.7000000000000001 0.5625 0.621875 0.5625 0.6218750000000001 0.740625 0.7000000000000002 0.740625
3 0.940625 0.43750000000000017 0.75625 0.43750000000000017 0.7562500000000001 0.890625 0.940625 0.890625
3 0.3812500000000001 0.54375 0.2593750000000001 0.54375 0.2593750000000001 0.80625 0.3812500000000001 0.80625
3 0.4437500000000001 0.540625 0.3375000000000001 0.540625 0.3375000000000001 0.815625 0.4437500000000002 0.815625
0 0.1781250000000001 0.603125 0.012500000000000072 0.603125 0.012500000000000084 0.78125 0.1781250000000001 0.78125
0 0.7250000000000001 0.625 0.58125 0.625 0.58125 0.765625 0.7250000000000002 0.765625
0 0.8375 0.58125 0.696875 0.58125 0.6968750000000001 0.86875 0.8375 0.86875
0 0.4437500000000001 0.65625 0.27812500000000007 0.65625 0.27812500000000007 0.85625 0.4437500000000002 0.85625