3 0.315625 0.209375 0.18437500000000004 0.209375 0.18437500000000004 0.359375 0.315625 0.359375
0 0.43125 0.26875000000000004 0.30625 0.26875 0.30625 0.36875 0.43125 0.3687500000000001
3 0.20625000000000004 0.16562500000000002 0.05312500000000002 0.165625 0.05312500000000003 0.4125 0.2062500000000001 0.4125
3 1 0.34062500000000007 0.965625 0.34062500000000007 0.965625 0.5218750000000002 1 0.5218750000000002
3 0.6625 0.2687500000000001 0.490625 0.2687500000000001 0.490625 0.5125 0.6625 0.5125
3 0.8 0.3031250000000001 0.64375 0.3031250000000001 0.64375 0.5687500000000001 0.8 0.5687500000000002
0 0.684375 0.3500000000000001 0.484375 0.3500000000000001 0.484375 0.53125 0.684375 0.53125
0 0.18437500000000004 0.296875 0.018750000000000037 0.296875 0.01875000000000005 0.478125 0.18437500000000004 0.478125
0 1 0.3937500000000001 0.85625 0.3937500000000001 0.85625 0.6156250000000002 1 0.6156250000000002
0 0.30625 0.31875 0.12187500000000004 0.31875 0.12187500000000004 0.525 0.3062500000000001 0.525
3 0.528125 0.25000000000000006 0.353125 0.25 0.353125 0.65 0.528125 0.65
0 0.76875 0.4156250000000001 0.6125 0.415625 0.6125 0.6125 0.76875 0.6125000000000002
3 0.959375 0.2531250000000001 0.70625 0.2531250000000001 0.70625 0.83125 0.959375 0.83125
3 0.4312500000000001 0.33125000000000004 0.12500000000000006 0.33125 0.12500000000000006 0.8 0.4312500000000002 0.8
0 0.815625 0.503125 0.66875 0.503125 0.6687500000000001 0.753125 0.815625 0.7531250000000002
0 0.565625 0.653125 0.26250000000000007 0.653125 0.26250000000000007 0.828125 0.5656250000000002 0.828125