3 0.275 0.290625 0.14062500000000006 0.290625 0.14062500000000006 0.446875 0.2750000000000001 0.446875
0 0.39375000000000004 0.31250000000000006 0.265625 0.3125 0.26562500000000006 0.415625 0.3937500000000001 0.415625
3 0.17187500000000006 0.284375 0.018750000000000034 0.284375 0.01875000000000005 0.534375 0.17187500000000006 0.534375
3 1 0.18125000000000013 0.921875 0.18125000000000013 0.921875 0.3625000000000001 1 0.3625000000000001
3 0.6375 0.2406250000000001 0.459375 0.2406250000000001 0.459375 0.49375 0.6375 0.49375
3 0.778125 0.2312500000000001 0.61875 0.2312500000000001 0.61875 0.5000000000000001 0.778125 0.5000000000000002
0 0.671875 0.3187500000000001 0.46875 0.3187500000000001 0.46875 0.50625 0.671875 0.50625
0 0.18437500000000007 0.41875 0.028125000000000056 0.41875 0.028125000000000067 0.60625 0.1843750000000001 0.60625
0 1 0.2531250000000001 0.8375 0.2531250000000001 0.8375 0.4781250000000002 1 0.4781250000000002
0 0.30937500000000007 0.403125 0.11875000000000005 0.403125 0.11875000000000006 0.615625 0.30937500000000007 0.615625
3 0.53125 0.26562500000000006 0.346875 0.265625 0.34687500000000004 0.66875 0.53125 0.66875
0 0.771875 0.3531250000000001 0.6125 0.3531250000000001 0.6125 0.5531250000000001 0.771875 0.5531250000000002
3 0.96875 0.1406250000000001 0.7 0.14062500000000008 0.7 0.7250000000000001 0.96875 0.7250000000000002
3 0.4750000000000001 0.39375000000000004 0.15937500000000004 0.39375 0.15937500000000007 0.86875 0.4750000000000002 0.86875
0 0.85 0.41875000000000007 0.7 0.41875 0.7 0.675 0.85 0.6750000000000002
0 0.6531250000000001 0.6625 0.3437500000000001 0.6625 0.3437500000000001 0.846875 0.6531250000000002 0.846875