3 0.259375 0.259375 0.15312500000000004 0.259375 0.15312500000000004 0.39375 0.2593750000000001 0.39375
0 0.38125000000000003 0.30312500000000003 0.271875 0.303125 0.27187500000000003 0.38750000000000007 0.3812500000000001 0.38750000000000007
3 0.14062500000000006 0.23125 0.03437500000000003 0.23125 0.034375000000000044 0.4625 0.14062500000000006 0.4625
3 0.996875 0.29375000000000007 0.94375 0.29375000000000007 0.94375 0.4656250000000002 0.996875 0.4656250000000002
3 0.603125 0.27812500000000007 0.475 0.27812500000000007 0.475 0.50625 0.603125 0.50625
3 0.740625 0.29375000000000007 0.634375 0.29375000000000007 0.634375 0.5437500000000001 0.740625 0.5437500000000002
0 0.634375 0.3625000000000001 0.465625 0.3625000000000001 0.465625 0.51875 0.634375 0.51875
0 0.13437500000000005 0.365625 4.4776148593825096e-17 0.365625 5.472640383689735e-17 0.528125 0.13437500000000005 0.528125
0 0.9625 0.3593750000000001 0.84375 0.3593750000000001 0.84375 0.5625000000000002 0.9625 0.5625000000000002
0 0.2562500000000001 0.375 0.10625000000000004 0.375 0.10625000000000007 0.559375 0.2562500000000001 0.559375
3 0.459375 0.275 0.359375 0.275 0.35937500000000006 0.6625 0.459375 0.6625
0 0.721875 0.4125 0.6 0.4125 0.6 0.590625 0.721875 0.590625
3 0.878125 0.2312500000000001 0.73125 0.2312500000000001 0.7312500000000001 0.7906250000000001 0.878125 0.7906250000000001
3 0.3656250000000001 0.384375 0.14687500000000003 0.384375 0.14687500000000006 0.821875 0.3656250000000001 0.821875
0 0.7718750000000001 0.4906250000000001 0.671875 0.490625 0.6718750000000001 0.7281250000000001 0.7718750000000002 0.7281250000000001
0 0.5437500000000001 0.69375 0.2656250000000001 0.69375 0.2656250000000001 0.828125 0.5437500000000002 0.828125